2887
4785
22
5410
2977
499
2436
1772
1633
3763
4432
5037
1024
166
4914
1257
2190
5527
2918
2470
5359
686
4091
5413
4587
447
2227
4387
2983
368
3289
1700
2458
2727
1805
5288
5523
3547
1943
4139
1901
2706
4593
4388
2985
3138
3128
5007
4701
5533
2065
957
3962
3783
2335
338
985
2123
79
205
3098
4047
5013
2676
16
2688
364
3124
4696
188
7
4537
1460
2756
4090
1265
1166
645
3346
5619
4333
2342
5072
1099
4573
1648
4472
5246
4614
146
887
1747
3712
2537
3347
2199
1478
875
722
3727
597
3060
4643
2499
5036
4246
849
2817
5686
1629
4172
429
1431
1610
2196
5027
1707
2664
837
4753
4751
4798
4065
3136
3877
3678
5255
3378
3791
1492
553
359
1125
1380
2313
4727
1259
3961
3032
1118
4137
2228
3209
5359
257
5547
5053
387
4219
5529
5700
1036
3243
5463
147
5500
5391
3390
4627
3926
2269
4524
2670
3913
2946
4625
1244
2060
59
2455
2249
4568
4305
2609
277
1401
731
5246
274
4405
1749
2051
3245
3333
5464
3636
3925
2219
872
712
1338
3162
4645
3107
2668
1817
362
3742
3520
2332
1250
1090
3756
5370
3998
2242
813
4730
248
3283
5061
5415
5575
2991
1674
1055
4938
3356
3378
5310
2917
2806
3973
3927
2673
3836
3212
1651
504
720
4978
3527
3043
5584
313
2923
4637
2456
2150
4511
2348
5678
2604
3047
647
3568
78
4542
3013
4589
4001
2629
4144
897
3887
180
1443
1115
4641
263
4929
3476
3102
2174
541
3009
4132
3064
5357
3475
5229
5206
2363
4322
262
5530
1535
5112
43
875
564
2934
3837
2853
3733
3630
2397
1586
5245
2496
3910
2465
5293
2047
151
2445
5130
2042
2839
5094
2183
1869
4923
2990
2705
2704
4039
3081
2679
1917
716
2997
2926
884
4054
987
5018
155
1797
1040
16
4676
1657
3947
1499
422
1201
1145
1951
4507
825
299
4744
729
3431
3517
3626
157
1830
3448
2217
2738
1612
2118
2532
454
4809
4125
749
879
1373
2349
4195
1791
3010
1696
3365
318
3216
1622
1219
3061
2993
982
3788
4642
5110
545
3510
5349
927
4459
5252
1554
4292
2946
2130
4598
4610
3167
5730
1966
807
3322
4619
4666
2307
639
5396
465
5632
4001
4986
4759
428
2453
5776
1050
5455
144
1550
3301
1535
917
880
897
693
3188
548
4956
3708
671
3196
2205
4251
4079
1267
5380
3654
5612
4714
4953
1101
2373
1250
620
5010
2679
2514
2888
4762
3443
3849
5352
2040
1594
2446
1344
3922
2282
5281
5429
2540
212
4000
4102
299
2604
2785
1087
1066
1921
1161
1499
4539
2059
462
4933
3106
2888
3678
3435
1139
1672
1505
5452
460
3513
4290
2998
183
5834
1399
3380
4831
3880
4266
5034
2234
5674
3654
4329
559
3302
1103
4384
4948
2598
3210
5525
687
4098
260
1310
460
2070
297
1503
2752
5366
2870
3576
5297
5100
1941
5013
625
5140
4730
2124
3613
1268
3807
1521
5438
3610
5202
2148
5439
4165
5553
4027
483
4829
4399
216
4506
2410
3338
1227
1615
4763
100
5578
2482
865
1880
3849
2662
3783
1148
1621
2669
28
4894
4307
21
2330
4322
3753
5612
4670
2716
5652
85
4642
5502
2760
601
4580
1536
2061
4911
1740
4559
3587
3566
4248
109
2885
5510
3427
2130
5133
3567
1067
3502
3381
1572
4903
3186
3515
5253
3130
5134
4043
1324
5818
3616
2628
3198
2819
2344
3327
4847
2016
2808
3858
3433
4050
3102
2178
1499
1578
3751
721
5195
636
1151
3980
4448
3848
1110
72
969
4966
628
1550
2117
5651
3867
1436
11
1125
1525
2811
2254
1857
4621
5107
5234
5018
5398
4290
2870
5701
5045
4260
166
5013
604
1242
1490
929
5326
4852
3268
2948
4817
4375
534
2393
5521
2740
2638
1777
3846
5064
908
4393
1203
1480
5093
4475
3425
3956
2378
3873
1599
4213
4254
4916
5256
5664
1521
98
1257
1854
3659
4785
872
1260
556
4388
4625
3946
4307
3780
3673
5807
178
3911
2262
3623
5475
1317
1226
346
4437
930
754
3464
872
5393
2577
5552
1573
952
1101
2651
296
1563
1912
2418
2561
4530
1643
5208
2194
1231
4807
1182
3782
2645
3075
5301
759
260
3138
3485
5660
5561
2973
2920
2786
5033
422
2651
3694
4595
2342
3894
1931
5591
233
4372
5124
1018
5546
403
3796
883
3498
1248
542
2429
3083
4981
3321
1827
3933
3012
2459
418
1001
1128
2000
5651
1581
4500
3710
2768
1870
1850
3884
5138
164
3626
4498
1887
2888
37
5498
4709
1063
2268
5650
4170
306
3864
5196
2518
1556
44
3912
5016
3847
4832
5748
4707
5294
4431
1390
5327
4481
3979
832
4671
5749
5613
4291
4626
460
1718
496
327
1023
1396
784
1481
1315
3443
3466
3152
1232
3610
3020
3601
2337
4760
3022
1079
4703
3527
3390
3722
2689
4662
2932
2884
994
945
4705
518
3837
2339
5632
1855
4796
1940
1625
817
1408
4019
3047
4671
5314
3432
5701
2737
3482
1548
4994
2445
541
3777
966
2644
4640
81
5335
4258
4825
229
3203
1232
2676
2862
1289
3189
3180
1735
3698
2158
4312
2702
3664
5112
5279
1108
3891
1857
4492
240
4898
2647
2828
2552
2608
3720
1204
1821
1841
5506
3037
3303
2589
3379
4160
2461
689
553
1560
3552
456
1447
3180
2145
4345
2416
2156
953
5339
864
4998
5352
3496
2961
3023
5420
3901
5220
214
5367
202
2858
1177
883
2341
2640
4813
2254
33
3749
2202
5491
3261
826
4673
3828
2748
3948
2669
665
3463
599
4305
2975
276
1560
1089
2534
5142
2603
3352
5054
4244
2789
2143
4315
5341
2909
1846
2994
4690
5765
3145
1081
5334
1817
2333
2530
5837
4274
119
579
2196
5507
2420
4264
4477
2419
2604
3166
895
4935
2530
2623
1734
3464
5670
4760
4113
4094
559
4874
4463
4885
817
5689
4550
3126
1480
5288
1265
3938
4381
2933
2182
4856
3177
2944
2775
1729
5742
4884
4595
2909
5123
4637
4342
3524
1732
3167
4466
678
662
5756
2873
223
2070
601
3693
3216
2488
45
5724
4720
219
1919
4553
1822
455
2337
1947
1918
1102
5151
724
3940
2300
885
2917
3965
2429
443
623
3121
3966
2631
561
2773
5655
3691
2271
1107
1680
5193
798
1576
2769
1338
1736
1319
1051
4682
3557
2583
4486
2622
973
2207
2214
3146
5194
4824
2752
2393
5572
3820
4071
4334
4041
5640
4351
3189
2418
2576
2683
3910
4820
1214
210
3189
1316
350
3793
4353
5634
1404
3899
3519
5613
4053
5680
4163
640
650
3541
2290
2636
1813
4434
4124
1005
4685
855
2458
2090
1687
4733
5470
2581
3788
1308
1436
4197
2230
5146
3288
2673
1693
4322
309
3052
4779
3231
4051
2407
4668
4419
2756
4048
2975
3971
2067
203
85
3711
4267
672
5293
4516
5597
3742
5068
3582
2200
5355
669
1419
63
506
4147
4827
713
3460
5244
3231
279
5166
5412
5702
5382
1452
2961
5040
449
397
5797
177
3373
2077
2462
518
4096
325
1735
2061
4465
4291
1392
2197
5611
5777
1262
3936
2381
379
2325
556
3534
4493
504
2421
662
754
5747
4452
2550
4964
626
5602
3002
582
1412
3893
3479
4216
1855
2119
2274
2276
1189
2964
5367
1962
2731
2952
4586
20
2514
1433
5669
233
5051
209
358
4888
3690
1435
5460
4206
1622
4852
3684
3999
5661
5300
1406
3434
5801
3123
1754
41
3167
349
2948
613
2277
1483
1916
3387
1788
512
536
943
3623
1421
1685
2168
1920
3547
3214
5183
835
830
2300
4860
395
2686
2711
1809
2941
3336
5393
3641
1838
1991
5185
5332
2643
177
3261
3466
4915
5816
2532
2015
2458
1859
1224
5010
96
3930
2911
3849
998
3318
342
576
2469
2379
1897
2361
1634
3083
4683
2662
3878
2557
838
5440
294
2350
3845
2398
4128
1241
1859
3089
3488
5321
5805
3483
4478
176
4696
1973
3279
5107
2999
4051
675
1618
4940
2613
2509
4865
5765
3776
4266
5733
871
235
4584
4049
4864
3808
655
2869
4413
5807
3434
4805
1995
2981
2341
193
2572
194
3301
3330
55
904
5304
5682
1124
2993
4072
3298
2047
5797
1150
5361
2409
3110
2664
4940
1679
2420
3119
3327
5011
3371
2150
3732
23
2539
2676
1409
4286
1505
4341
1541
2215
2154
2176
5080
4216
880
5767
3672
4843
1944
3011
4718
5424
5696
5108
3181
3175
937
3688
1962
2107
369
2786
4209
632
1031
4225
5463
2315
1406
3364
1212
5489
4912
242
3813
3843
3385
3343
5058
2234
3203
750
1594
766
4886
2732
193
1728
5770
1250
1604
2775
2065
2875
2344
156
2254
4439
4164
3653
4802
2033
5591
1894
2688
4213
508
3350
4061
2286
1854
4422
5401
3375
1852
2875
272
4485
529
5650
4500
267
4680
1847
5635
5099
2850
3504
3034
5819
1588
1753
4836
4971
5628
3808
3844
3896
5433
4415
2815
3650
250
5111
3920
3313
2749
1771
3193
4668
5300
5650
2697
4430
463
1942
661
1293
3687
2475
718
3690
5237
2141
384
217
3705
1612
4722
5013
1378
1799
2541
5656
3852
3833
1961
4692
2809
16
5308
5412
3438
1662
211
4131
182
3959
109
1984
1471
3210
2315
4092
739
4233
3652
3508
859
235
4098
2516
3736
1605
4584
1067
3196
2484
1205
2883
930
1185
2490
5660
1917
2349
3372
2117
3838
5797
3857
2184
561
862
5084
1433
4904
2935
2913
4015
4879
4275
1937
5578
34
1778
1888
4927
3245
5523
3557
137
2459
3277
2594
4842
4779
5403
3324
2681
4988
2122
3895
541
3213
4990
2882
5355
3167
5404
3599
5232
3438
3413
965
3570
3028
2030
215
2533
2275
935
4414
3947
2118
1714
5319
3154
4191
669
4184
5226
4782
310
5240
521
744
2555
4462
643
3258
2781
4589
5309
2401
2990
5561
1391
5051
4969
1615
3564
865
1064
2177
4010
4020
913
678
1785
5558
4493
2195
3405
5172
2692
1497
2125
4970
3908
2027
1098
432
1646
5497
3447
1559
2898
819
2228
1770
5702
863
1384
1639
1384
3352
731
5779
3645
2358
2295
3127
2863
3514
1233
49
5212
256
1690
2909
2662
1873
3102
1621
1833
3286
1681
4745
3311
1533
4134
998
691
603
2413
2952
5197
4778
387
773
3243
74
2662
5326
2818
1835
394
4107
1719
1355
4085
635
5429
1788
4643
4269
597
4280
4453
2147
3033
4305
3500
3129
1327
1680
2047
3662
5267
4708
1678
2615
1937
1416
5241
5782
175
3179
1066
227
5459
904
3105
327
2949
1646
1376
2201
2951
4159
3474
2164
3846
2885
5215
2280
544
4906
2704
4931
377
2139
4665
4555
3753
254
4180
1407
2920
1686
475
4914
3338
1982
1633
4638
3061
5251
3441
3527
2097
5291
4152
2449
3293
2788
1035
2682
731
2502
806
5421
4122
4614
2391
450
2801
1387
3204
5328
2397
2843
1394
707
3278
153
1223
5482
897
2398
3033
717
382
5597
5329
4501
3107
3085
2940
3462
494
3424
3176
500
3746
4409
1779
2123
3636
201
964
2736
354
5160
4544
4675
1066
2747
1640
1758
423
2202
1561
1888
5432
4490
4402
3551
2322
2125
1461
1692
4813
4786
980
2883
5125
2318
3449
5039
3918
4567
4773
2870
3354
4189
5569
4491
585
4841
3632
1808
3335
2665
1402
646
2573
1164
940
856
5123
2931
3337
2030
2871
1860
5562
2471
2843
4994
164
4528
2440
5557
3320
1056
1370
908
1414
4317
3915
3696
1615
5211
2062
5591
3846
620
3172
3023
3185
2840
3636
2507
2126
517
5321
1331
3958
5299
3581
553
1429
295
3676
1437
103
2779
1467
2307
3308
5500
2421
2390
623
4019
2292
3289
4921
3030
3833
3741
502
4121
5675
1848
1828
885
2248
2139
5194
2512
232
226
1241
2277
916
4988
4897
2604
623
3583
122
3640
4375
2302
1826
3968
2991
4711
5774
2613
1630
1775
4960
3110
2754
973
1676
889
2166
2256
1571
386
4448
2697
5606
456
1844
391
5825
870
1623
3890
881
5724
4657
2614
8
1381
4894
5123
3049
1897
4784
5479
2056
3755
4764
5248
4248
2763
3024
3915
545
3250
4994
5526
143
34
3887
1600
4221
3956
2879
612
2338
1471
5442
4857
3370
1745
5105
4523
516
3860
964
4544
3037
572
1268
4493
5394
3781
4212
4006
3870
3404
2907
1864
2298
4127
5195
1560
5616
2336
2262
4484
5836
2055
3272
5238
1271
3580
4465
5070
2471
1610
1653
5636
4533
3534
5663
1702
4558
5826
2824
1393
3187
237
5137
2025
3410
251
3123
1696
1311
4396
3135
3819
2443
5834
624
3022
1880
1093
2920
5609
1558
3285
4253
706
1108
2375
18
2069
2690
524
5044
1386
634
5004
5058
614
2908
3362
4355
5215
5166
1680
4142
2381
28
2746
2717
519
1418
5067
5338
55
3885
1113
5603
2030
5753
2917
2823
3365
1414
4926
2168
2074
4189
564
2060
5596
5821
2151
185
2004
426
2419
5784
1305
987
4890
3398
3701
3709
2969
4127
2177
2681
3994
5023
1383
4730
4665
57
5454
807
1893
3477
4391
5530
1946
2234
2777
4791
1663
2538
1437
3071
4109
810
2855
4131
2607
460
4563
811
4562
5486
2760
3935
2613
28
5478
1680
5643
966
4428
4546
4879
838
2196
2944
198
225
743
1471
4977
4665
3379
1143
596
4543
1203
3853
263
1720
59
2005
1776
3645
2364
1237
4098
1457
4505
659
2645
1053
4063
4002
3123
5218
4329
1482
4436
4313
4379
4549
843
4095
156
5419
304
398
195
51
1757
3970
2197
1825
2960
264
5764
2045
5598
3897
2910
3311
543
4800
3083
874
5740
2533
1544
1771
3789
897
2067
4927
4035
1331
2493
2592
3504
4395
3245
4542
4811
1881
5346
2076
3582
4344
2625
272
134
92
144
2813
4345
954
2201
4727
5373
5153
3982
721
1632
3322
5590
2774
5478
3422
1342
2788
2677
2814
1242
3620
294
2442
4434
4448
825
291
1811
4583
5074
1394
3364
4027
5839
2384
3472
3936
1892
557
1683
3916
1056
4103
5075
4217
690
2081
3001
2217
4134
921
5061
1015
2316
5506
5455
2846
1367
3276
924
5763
2487
1610
3514
3105
1934
630
4843
1837
5713
4587
1370
3979
4835
2323
1556
2341
4088
1490
1036
2313
3341
3533
1088
557
2813
5827
847
122
2912
642
5383
285
1479
1564
3898
604
86
4919
5131
1171
1262
2435
4972
2644
489
167
1832
4101
1508
4584
3941
3954
2505
4770
3126
3405
725
3615
4843
5789
931
4531
5066
1898
5209
5561
3144
4143
5703
2483
5049
2097
1703
5716
3952
1760
3845
4367
4368
3736
5105
3979
2482
90
3310
1811
5539
2978
1728
4981
4377
5456
5092
5504
4245
1513
638
3588
2759
1629
5818
5048
5282
1769
2956
5019
978
3714
3348
4931
1189
2098
2265
2887
824
5558
4191
5724
4128
983
1046
3950
838
4718
4889
1762
152
4028
222
2970
2458
2235
497
3680
5461
4387
134
3378
3660
2193
2704
885
775
1048
3274
48
2824
5325
1796
3515
696
2858
1164
2467
2601
2513
2966
5547
1915
986
3961
305
2456
1636
28
586
3210
1773
1729
4509
952
5727
4427
3715
4385
3790
641
2392
3327
5425
5686
1872
1053
2235
182
3148
259
202
5410
2350
1291
2227
2991
3273
5081
5315
3080
4550
2732
214
4794
1253
93
5529
1976
3184
608
3787
2246
235
3950
5291
5306
4999
1376
5581
4626
1227
2700
4506
5572
380
5625
200
2964
3942
4784
4280
4727
537
339
2015
5467
3365
1519
3596
3983
333
2764
379
1293
1733
921
1567
5740
2115
1091
582
2922
5586
5189
5226
1578
1664
133
4905
434
5199
4795
1916
2535
4959
2297
940
4279
3104
1493
4133
1941
547
1822
5746
3808
4324
5182
4424
5824
62
520
1943
4230
376
1871
4789
2805
4442
2795
408
2753
274
3852
880
2344
4076
962
4255
2764
1344
2620
5108
5607
4483
4388
3001
535
2846
4824
356
2149
2712
3695
763
3200
1884
40
4607
5239
2467
5696
3187
2601
4436
778
2812
2500
2803
4043
4819
2110
5415
2435
2510
5464
1578
3102
5840
4237
316
2780
3371
1943
913
1041
169
4892
1256
2226
3934
1546
4336
455
5725
795
3845
4539
5558
1884
2234
28
5518
1772
3589
1060
5412
3646
3885
1392
3876
4919
4900
1319
1555
2388
4534
4051
3229
4735
4459
120
2181
2480
1126
516
5506
3431
924
1531
248
726
1620
4995
1639
4345
2704
11
1318
800
4663
4961
4868
3408
995
3740
701
2777
5469
2591
4864
3518
2687
1757
5128
1450
221
4869
1571
3901
2349
5578
5837
2175
2813
4147
5834
1017
5381
3608
1531
2432
2672
2704
2489
4639
3038
1713
1802
2563
5365
1465
2677
3531
3607
4209
3656
3237
1950
2307
479
64
3867
5788
2277
5612
1633
4183
1692
2547
3265
1172
1308
2417
1577
3098
3757
1879
1378
2760
3108
2931
2912
1977
3648
3694
2183
1363
207
3192
3121
3145
4277
4377
3588
3453
5605
1895
1346
3790
5411
3869
1294
3506
3774
3949
4065
2694
4597
48
2239
5522
4517
4547
1189
5497
3888
5745
5445
2301
3863
391
1873
1060
1239
2918
3551
3845
3692
28
2537
2760
2478
836
372
1923
2470
228
1178
3855
5826
1353
734
5137
412
5708
2626
2351
4795
4219
4592
1360
5327
3257
1997
1352
4177
1746
948
3860
4536
2084
4809
1551
5530
5398
1182
636
1698
4817
4847
4990
747
5407
823
1617
3623
3374
3957
5272
5761
2163
418
5502
4542
1393
728
4078
5062
2169
4593
4228
1861
3034
1220
2545
3458
2621
454
1113
5728
2015
3443
5334
982
1260
966
1507
4571
3761
5217
4217
2762
2434
1229
1306
4661
5495
435
5388
5575
1530
5149
2791
5658
635
2558
5659
4496
2951
518
4724
4590
3515
5141
3199
1454
4519
4590
880
2448
5764
1805
2390
5549
3943
5337
5669
1863
1009
3679
1988
4898
2388
693
5760
4489
2407
2611
4817
4027
2501
1294
2069
4265
3951
2841
3580
1803
5504
3824
1587
3092
2037
3772
2951
4294
183
4337
995
5678
1867
185
2095
1272
5450
501
1605
3180
2125
3651
4408
2129
1082
3928
3588
4123
4027
5063
841
4429
4550
1489
3649
861
3682
3562
2867
3682
5051
1132
2403
2900
4692
121
2365
1292
4500
351
4951
1574
4453
2020
4037
896
3583
3865
2971
4120
3656
4948
5337
1893
3896
5483
2757
2946
974
3555
1436
755
5608
3012
4891
2333
407
4572
4981
4767
1571
1503
1218
1137
5687
2106
409
5822
3398
3211
4586
2303
4281
5481
5057
4081
3552
4520
5340
4557
2225
2825
2222
3636
4568
2840
2415
4631
2831
5181
4777
678
4256
1962
1970
1676
5821
382
672
1556
3856
2268
4140
3898
4418
3645
4385
4451
3290
3025
424
5301
2169
3562
1168
4693
5573
1314
484
2827
1566
709
4572
62
3562
2105
3879
302
5517
676
3346
4555
4718
1428
3647
45
4015
4509
3828
4258
4614
864
4739
3132
2385
5550
3403
4501
336
3796
423
2058
2688
58
4888
4770
1204
333
5515
5601
5803
970
4958
3200
2106
1900
3722
1509
2007
545
5827
4085
5019
2901
2344
5158
5782
4177
1756
2434
734
67
754
509
2394
5086
5111
753
5115
3595
756
882
806
3932
1073
1032
1758
2028
3116
1471
2467
5607
2613
66
2214
106
1310
3432
2142
1015
2168
4928
2763
1483
5637
5307
562
2588
5399
1408
2865
1489
1244
606
2612
5303
5019
974
4754
2525
4630
2758
2641
2591
1544
3467
4690
5747
4313
4716
219
3439
2633
3838
1591
2958
1559
2314
140
2968
2673
220
2006
436
1534
2664
5226
2128
4997
3869
2808
2246
457
2234
1142
827
1755
4743
3616
5526
1438
4898
2507
1712
1625
4485
2139
221
2381
1552
3872
4515
4023
3381
5200
1991
4208
2670
4951
3813
373
5075
2141
854
453
1496
4546
3658
4652
5624
268
2757
455
1132
1800
1944
4324
5267
1585
438
566
4015
1568
145
1066
901
5425
3054
1115
911
5613
5642
3220
2463
3227
5380
1712
306
2415
1396
1347
1923
2073
4089
251
1694
2450
1469
4172
946
3621
1034
266
14
4587
4760
1602
3030
5588
2095
2781
4313
2165
5710
414
3520
4271
3337
2801
163
3002
2611
2532
2919
73
2487
3079
4768
2687
5583
3081
842
4348
1553
4054
5677
3864
1180
1018
186
1009
3675
107
990
4429
2742
4021
1694
2504
701
206
1403
3252
4843
5351
2116
1365
1182
5210
1774
4057
3346
466
2043
1482
4665
1771
1985
5670
5809
1102
4701
1946
3103
113
1734
4791
1258
2024
5661
4914
3324
889
1133
4667
1954
2216
5839
2058
4187
3452
4184
2138
3986
4967
4327
2482
979
60
4204
3119
2447
1648
2280
503
5608
343
2482
5779
4559
4645
4242
3693
5108
5394
3693
5551
3222
4530
4334
1027
3826
5728
3577
2709
2363
4778
3123
3289
3665
162
2291
4602
3516
1385
1080
1672
1157
4253
5281
2284
1052
5356
1795
962
1482
1092
5522
1257
2756
5046
1430
3859
189
3819
3921
557
5260
5267
532
748
420
1110
3164
602
4714
819
2575
685
5130
188
1005
1874
1015
1414
5385
806
5682
1517
5310
1364
4711
5323
2739
3765
402
4002
298
3437
5030
3175
4036
5108
1817
2649
4401
3746
2067
198
1559
5564
1332
5838
126
1873
769
106
3420
5556
3887
2132
889
3700
4380
5155
5200
5782
4508
1574
2457
94
40
3422
3921
2002
1602
3302
4066
4217
1027
2240
5732
4668
448
3929
1807
5389
2399
705
4937
1894
337
4317
4393
2866
537
3915
1382
4768
3021
4156
1997
2244
2051
481
5188
651
1978
5700
5632
5282
3178
5719
3668
3661
94
3163
3628
2383
3786
4887
4369
743
1742
3219
4827
1646
3088
3771
5548
3567
5450
1266
1489
5161
1262
4926
245
4042
8
2240
2394
965
5661
3929
4228
5429
1658
1313
2956
3322
2437
2622
4701
3606
366
2316
320
1672
186
2244
5767
1400
5304
5788
4485
1259
1756
5287
1871
1562
2926
2867
3650
485
4948
2761
2843
3129
2929
4037
4215
5031
1155
5415
812
754
2361
1443
4760
3659
4783
3361
3984
3003
2675
5799
4473
859
3406
5332
3886
2880
1429
3932
2307
4418
517
3958
165
4750
4574
4608
5764
3669
5830
2297
4769
1200
5716
3472
269
2491
3181
5346
1638
595
5831
4037
4664
4115
1960
3156
2313
1011
1023
5575
1073
3123
1013
2415
4122
2142
2367
1920
4926
1216
3387
1991
1951
5579
3149
893
1421
2517
1197
5157
548
1076
1764
4876
4304
3068
3111
4899
3139
5250
5697
2106
1293
1049
5491
4519
4400
4506
1864
4263
3748
4312
2748
3407
3326
3211
2205
550
1152
2007
4925
2006
2698
1998
18
2996
1969
147
4078
4577
4858
5517
2629
5686
3767
5091
3804
3822
1953
3326
2467
2485
1722
4902
2582
3121
3417
4474
3959
660
5695
5281
2122
3571
1107
2299
3687
2052
3307
2942
1190
891
5761
281
5438
4012
512
5367
3271
1189
3227
1811
2924
2767
2643
3955
521
2082
5236
777
201
3728
3343
3707
125
3228
4765
2861
3739
2302
1709
1105
2058
4482
4677
631
613
1563
33
3159
673
2443
816
3170
3916
2710
2496
5766
60
3548
3243
411
3301
826
3015
12
1851
5145
2966
5233
5776
4928
5351
3522
2975
4077
2782
3428
52
2524
4383
1572
2518
4705
1062
4751
3170
4474
4688
2749
362
3342
2510
5377
5247
1651
4086
3033
1619
2892
3761
2549
3063
3018
2402
1340
4484
1751
1286
4730
4979
655
5734
5766
4671
345
1646
681
122
2012
4612
1155
884
4375
3911
5222
5701
3673
4100
3048
1125
2671
925
371
3385
1107
4641
4903
4243
3863
3849
2097
3282
3561
4516
246
1478
64
2830
931
685
5045
4726
4706
3136
4982
3811
2725
5537
4762
3928
3059
903
3707
3248
896
3064
1593
3065
5729
5458
4444
2439
104
4402
3859
2058
2453
3485
5490
5358
5002
2207
5249
2548
4865
567
2234
799
354
1
813
2756
5613
3088
2553
4583
3831
4669
1691
701
1673
5207
610
4008
4233
5357
318
3198
5797
424
5787
3911
1074
4556
4420
2433
1409
1235
777
422
520
4567
2070
2530
1905
5488
2730
5275
3243
3434
3711
3409
4734
3365
4742
2281
452
4582
495
3939
3059
212
2754
4783
1811
5186
4897
5112
3301
5086
238
1800
2620
5721
248
2997
2725
1760
4847
2498
5415
5003
2192
3012
1237
3163
3620
985
2574
5679
1027
3577
5122
2458
819
1236
1536
4266
642
4496
3255
2019
374
5574
4642
3863
5023
1058
2868
5516
1939
2256
4839
5026
3848
1840
3496
1985
1950
2952
2650
183
2663
5117
341
2620
4290
2397
2118
4380
3314
424
4367
5305
4038
449
595
5028
3162
4302
4312
1734
1623
2586
4151
4097
3039
2007
2680
4932
5823
5205
5307
2392
21
4720
373
601
5704
5250
211
1985
2069
2236
900
5123
647
714
1825
5207
1538
4497
4730
2556
1534
3820
104
4108
4650
5483
4514
2425
5392
3159
2715
1925
1818
4353
5026
3729
5398
3286
1017
5063
5395
5208
1805
1580
712
4173
171
3457
4350
782
3359
4228
677
797
3689
3485
5504
656
1517
1432
1901
5190
1848
3804
2743
1403
5629
3428
691
2888
5003
3435
2465
3566
1658
1466
1805
962
4614
2281
3206
637
4941
5375
4683
5472
1836
2866
4526
1908
678
2271
4893
1741
827
5725
607
364
4593
3804
3763
4650
2250
5223
2236
2354
3114
1654
5796
519
1656
2879
1161
2035
3032
4184
4698
2139
5684
3925
4326
1662
5404
5405
4687
5129
4972
2302
1420
3137
2008
3851
1132
2104
442
2921
5395
598
5388
1906
4177
4602
906
3849
2611
3701
2618
2261
2923
4325
490
1212
235
2639
2558
4142
3360
2182
2368
3121
5172
2993
540
5196
2119
4202
970
2023
3666
1649
371
3195
3121
79
1872
3119
2688
0
